c = 299792458.0/1e6; %meters/us